TIMESTAMPms	M201RAWIMUxacc	M201RAWIMUxmag	M201RAWIMUyacc	M201RAWIMUymag	M201RAWIMUzacc	M201RAWIMUzmag
200	512	50	128	-137	-4069	332
304	320	49	192	-135	-4078	333
400	384	50	192	-137	-4065	333
604	576	49	256	-136	-4076	338
700	384	46	192	-125	-4071	334
804	320	47	128	-136	-4063	331
900	576	47	192	-137	-4065	330
1000	576	49	128	-137	-4074	332
1104	576	47	192	-132	-4070	340
1200	576	47	128	-141	-4071	331
1304	320	48	192	-136	-4062	330
1400	576	48	192	-140	-4054	331
1500	576	48	128	-135	-4067	328
1604	512	48	128	-135	-4062	332
1700	384	49	192	-138	-4053	336
1804	384	49	128	-135	-4068	332
1900	320	49	128	-134	-4067	330
2000	576	46	128	-133	-4064	331
2104	576	49	192	-136	-4068	331
2200	320	47	192	-129	-4062	331
2304	320	49	128	-135	-4063	325
2400	640	47	192	-136	-4076	330
2500	640	50	128	-135	-4059	330
2604	576	47	192	-125	-4072	336
2700	576	49	128	-124	-4068	336
2804	576	50	128	-136	-4063	338
2900	576	50	128	-134	-4066	324
3000	256	49	192	-135	-4072	331
3104	576	51	128	-136	-4065	336
3200	576	49	192	-132	-4065	331
3304	576	52	192	-138	-4064	330
3400	320	51	192	-135	-4066	329
3500	640	51	128	-134	-4070	331
3604	576	49	192	-133	-4058	331
3700	576	52	128	-134	-4066	328
3804	640	61	256	-133	-4079	336
3900	192	129	128	-130	-4073	309
4000	-192	103	256	-131	-4282	317
4104	384	0	192	-134	-4051	335
4200	1152	12	192	-131	-3585	329
4304	384	87	192	-129	-3843	324
4400	128	116	128	-130	-4063	310
4500	-256	165	192	-131	-3844	290
4604	-704	193	128	-126	-4080	280
4700	-896	247	128	-126	-3854	241
4804	-1728	279	64	-122	-3832	212
4900	-1920	319	192	-120	-3581	161
5000	-2432	338	64	-119	-3321	144
5104	-2688	362	128	-104	-3055	97
5200	-3200	378	128	-115	-2806	65
5304	-3520	400	192	-112	-2073	-10
5400	-3648	405	128	-109	-1788	-65
5500	-3968	404	256	-107	-1264	-133
5604	-4096	401	-192	-107	-506	-163
5700	-4160	371	192	-104	-250	-247
5804	-4352	349	-64	-105	556	-297
5900	-4096	323	-64	-105	1261	-335
6000	-4096	287	-64	-107	1778	-374
6104	-3584	187	-64	-107	2309	-444
6200	-3072	137	-64	-106	3079	-464
6304	-2304	11	0	-109	3588	-486
6400	-1344	-62	192	-113	4349	-491
6500	-448	-174	-128	-118	4337	-464
6604	384	-243	-128	-111	4361	-430
6700	1536	-383	0	-126	3830	-296
6804	2624	-415	-64	-127	3048	-233
6900	3264	-444	192	-132	2588	-131
7000	3712	-446	-64	-134	1520	-41
7104	3904	-404	-128	-129	226	113
7200	3776	-363	192	-134	-795	177
7304	3072	-254	-192	-136	-1802	274
7400	2816	-212	-128	-135	-2566	293
7500	2496	-134	192	-133	-3096	320
7604	1920	-93	64	-136	-3574	330
7700	1472	-42	192	-135	-3817	335
7804	1024	-4	-64	-132	-3831	344
7900	896	27	64	-133	-3832	336
8000	640	55	128	-133	-4084	328
8104	320	105	128	-134	-3842	317
8200	0	116	128	-134	-3910	319
8304	-192	119	128	-114	-4062	315
8400	-128	114	128	-115	-3923	308
8500	-192	115	128	-112	-4075	308
8604	-448	114	192	-109	-4069	304
8700	-384	120	64	-106	-4095	306
8804	-1024	191	-192	-78	-3834	266
8900	-1280	204	-192	-89	-4071	255
9000	-1280	196	-64	-86	-4055	257
9104	-1088	210	64	-74	-3822	251
9200	-1792	270	-448	-72	-4078	201
9304	-2240	293	-128	-66	-3346	170
9400	-2560	300	-320	-60	-3348	157
9500	-2304	306	-256	-56	-3313	141
9604	-2816	338	-448	-52	-3061	88
9700	-3200	342	-384	-46	-2691	78
9804	-3264	355	-256	-43	-2776	43
9900	-3456	367	-256	-36	-2549	10
10000	-3840	366	-704	-35	-2030	2
10104	-3392	362	-256	-34	-2278	20
10200	-3328	367	-512	-35	-2260	-1
10304	-3520	370	-512	-33	-2004	-23
10400	-3840	374	-704	-33	-1550	-49
10500	-3776	374	-576	-33	-1299	-88
10604	-4096	377	-704	-29	-771	-132
10700	-3904	369	-704	-18	-278	-159
10804	-3904	339	-512	-33	-230	-241
10900	-3904	330	-704	-34	524	-274
11000	-3904	292	-704	-41	1037	-329
11104	-3904	265	-576	-35	1558	-362
11200	-3776	211	-576	-59	2055	-413
11304	-3520	180	-640	-67	2561	-434
11400	-3072	101	-640	-81	3082	-472
11500	-2368	60	-320	-91	3339	-484
11604	-2048	-30	-320	-110	4093	-494
11700	-1280	-76	-256	-107	4094	-492
11804	-512	-196	-64	-146	4352	-464
11900	256	-250	-64	-159	4098	-439
12000	1152	-337	64	-177	4108	-373
12104	2048	-390	256	-190	3837	-315
12200	2944	-454	320	-195	3060	-168
12304	3456	-463	576	-209	2295	-136
12400	3648	-464	640	-207	1292	-26
12500	3904	-458	704	-207	540	27
12604	3712	-423	640	-198	-8	127
12700	3648	-386	576	-195	-786	171
12804	3392	-320	640	-182	-1781	247
12900	3264	-304	576	-181	-2075	256
13000	2944	-252	704	-176	-2556	284
13104	2688	-200	640	-162	-2567	308
13200	2304	-169	448	-156	-3318	319
13304	1792	-119	512	-146	-3576	332
13400	1536	-85	320	-138	-3582	333
13500	1088	-25	512	-127	-4074	333
13604	768	-9	192	-121	-4044	339
13700	512	15	192	-124	-4079	328
13804	448	24	384	-116	-4042	326
13900	448	39	384	-118	-3948	325
14000	320	41	64	-110	-4037	322
14104	128	47	128	-97	-3987	319
14200	128	50	128	-100	-3849	326
14304	64	62	128	-96	-3960	312
14400	0	65	128	-88	-3841	310
14500	-128	76	64	-83	-3953	304
14604	-128	109	256	-68	-4089	290
14700	-960	159	-64	-49	-4088	261
14804	-1344	182	-128	-41	-3814	241
14900	-1792	212	-384	-27	-3820	214
15000	-2048	221	-704	-23	-3571	203
15104	-1600	218	-448	-19	-3571	216
15200	-1984	239	-576	-6	-3333	183
15304	-2368	287	-576	8	-3099	117
15400	-2816	299	-768	12	-3047	89
15500	-3008	309	-768	18	-2800	61
15604	-2880	314	-832	27	-2329	44
15700	-3328	328	-1024	27	-2295	-17
15804	-3456	331	-1024	29	-1807	-39
15900	-3456	334	-1216	31	-1512	-56
16000	-3648	333	-1216	33	-1234	-75
16104	-4032	330	-1280	34	-753	-162
16200	-3776	324	-1344	44	-291	-183
16304	-4096	305	-1408	28	216	-231
16400	-3776	296	-1280	23	281	-257
16500	-3840	247	-1408	3	1049	-343
16604	-3456	223	-1344	-3	2019	-366
16700	-3136	169	-1088	-29	2281	-419
16804	-3008	137	-1088	-39	2564	-439
16900	-2624	71	-832	-65	3328	-471
17000	-2176	23	-896	-84	3839	-484
17104	-1536	-87	-512	-128	4093	-492
17200	-1024	-149	-320	-140	4097	-485
17304	192	-270	256	-201	4108	-431
17400	960	-309	384	-216	4111	-411
17500	1344	-359	448	-238	3859	-365
17604	1856	-420	576	-260	3598	-283
17700	2368	-438	896	-270	3125	-245
17804	3008	-468	1088	-267	2834	-164
17900	3264	-470	1280	-279	2058	-131
18000	3328	-475	1088	-282	1808	-64
18104	3328	-471	1280	-281	1037	-16
18200	3712	-471	1408	-281	800	8
18304	3584	-465	1280	-277	528	28
18400	3776	-444	1472	-276	13	81
18500	3712	-438	1408	-270	-26	110
18604	3328	-396	1472	-251	-755	174
18700	3392	-376	1088	-252	-1246	196
18804	3072	-333	1280	-235	-1787	240
18900	3072	-309	1280	-224	-2292	259
19000	2752	-259	1152	-208	-2559	292
19200	2176	-176	1024	-176	-3311	320
19304	1664	-146	960	-164	-3574	327
19400	1344	-86	704	-139	-3831	334
19500	1024	-62	512	-129	-4068	331
19604	832	-17	512	-112	-4088	327
19700	448	12	448	-100	-3850	330
19804	0	25	192	-80	-4062	316
19900	192	33	384	-85	-4091	316
20000	128	31	64	-79	-3999	311
20104	-64	31	64	-73	-3978	310
20200	-64	20	128	-69	-3953	307
20304	-128	18	128	-71	-3898	308
20400	-128	13	128	-71	-4054	306
20500	128	27	384	-58	-3841	303
20604	-448	88	-64	-20	-4082	269
20700	-896	108	-320	-6	-4085	251
20804	-1088	138	-640	20	-3585	223
20900	-1472	144	-832	27	-3831	212
21000	-1600	159	-896	38	-3564	193
21104	-2048	176	-1088	48	-3529	172
21200	-2112	188	-1088	64	-3311	158
21304	-2240	193	-1344	61	-3075	150
21400	-1856	205	-1088	72	-3317	126
21500	-2112	214	-1408	79	-2817	103
21604	-2560	229	-1664	93	-2814	67
21700	-2624	238	-1728	97	-2302	31
21804	-3328	254	-2112	122	-1790	-80
21900	-3264	253	-2240	108	-1237	-94
22000	-3392	250	-2048	108	-987	-158
22104	-3392	238	-2112	101	-483	-220
22200	-3392	226	-2240	104	235	-246
22304	-3328	211	-2496	84	545	-288
22400	-3456	190	-2240	69	1045	-326
22500	-3264	153	-2112	41	1574	-376
22604	-3008	145	-2112	37	1835	-389
22700	-2944	105	-1792	7	2302	-427
22804	-2816	46	-1984	-35	2817	-461
22900	-1792	-96	-1280	-135	3602	-497
23000	-1088	-137	-640	-165	4111	-489
23104	-448	-212	-256	-217	4114	-471
23200	192	-247	192	-241	4121	-453
23304	704	-291	448	-267	4118	-425
23400	512	-312	320	-290	4121	-409
23500	1024	-362	768	-324	3855	-356
23604	1728	-392	1216	-342	3593	-323
23700	2176	-431	1408	-373	3353	-244
23804	2368	-443	1600	-380	2827	-199
23900	2752	-458	1920	-392	2318	-118
24000	3264	-464	2240	-394	1553	-53
24104	3136	-449	2240	-387	774	43
24200	3200	-436	2496	-374	14	100
24304	3072	-395	2176	-348	-753	178
24400	2944	-372	2240	-331	-1516	208
24500	2560	-312	1984	-294	-2041	265
24604	2304	-277	1792	-267	-2813	286
24700	2176	-210	1664	-223	-3064	320
24804	1728	-193	1536	-208	-3559	325
24900	1536	-168	1216	-196	-3571	328
25000	1344	-145	1088	-180	-3572	332
25104	1216	-101	960	-145	-3813	334
25200	768	-92	576	-140	-3820	341
25304	512	-78	768	-122	-3890	332
25400	832	-75	896	-128	-3950	325
25500	512	-80	704	-127	-3920	326
25604	576	-78	640	-113	-4015	331
25700	192	-34	640	-80	-3984	312
25804	-64	-23	192	-68	-3853	308
25900	-128	-28	128	-63	-3908	307
26000	-128	-21	128	-57	-4068	304
26104	-448	-3	-128	-33	-4080	297
26200	-640	18	-320	-10	-4071	277
26304	-704	46	-512	16	-4072	252
26400	-896	66	-832	36	-3818	233
26500	-1408	119	-1344	94	-3328	152
26604	-1920	154	-1856	132	-3057	74
26700	-2176	156	-2112	135	-2585	59
26804	-2240	172	-2432	166	-2286	-41
26900	-2752	175	-2688	156	-1789	-61
27000	-2752	173	-2752	156	-1295	-61
27104	-3008	173	-2560	159	-1481	-92
27200	-3072	170	-2880	152	-1015	-164
27304	-2752	169	-3008	157	-455	-161
27400	-2880	154	-3008	138	35	-236
27500	-2880	147	-2880	131	298	-264
27604	-2688	117	-2944	104	804	-331
27700	-2816	97	-2816	78	1312	-364
27804	-2560	44	-2752	24	2084	-420
27900	-2304	21	-2304	-4	2586	-449
28000	-2048	-34	-2176	-59	3101	-476
28104	-1792	-74	-1664	-96	3597	-488
28200	-1280	-169	-1024	-206	3870	-489
28304	-384	-203	-384	-242	4116	-477
28400	-256	-251	-128	-298	4112	-449
28500	384	-278	448	-325	4131	-433
28604	832	-349	896	-396	3866	-355
28700	1280	-375	1792	-425	3609	-305
28804	1984	-408	2304	-460	3108	-232
28900	2240	-413	2432	-467	2848	-208
29000	2496	-428	2688	-483	2332	-120
29104	2368	-430	2688	-485	1826	-80
29200	2752	-428	3072	-480	1059	-1
29304	2560	-422	2944	-474	545	40
29400	2624	-404	2944	-455	39	104
29500	2624	-395	3072	-443	-497	128
29604	2624	-375	3072	-425	-992	171
29700	2368	-359	2688	-402	-1250	202
29804	2432	-317	2752	-361	-2023	257
29900	2112	-303	2432	-347	-2292	266
30000	1792	-257	2304	-300	-2790	297
30104	1536	-239	1920	-267	-3055	316
30200	1472	-214	1856	-255	-3313	321
30304	1344	-200	1792	-239	-3561	324
30400	1088	-171	1408	-207	-3564	325
30500	960	-155	1536	-194	-3817	333
30604	896	-146	1280	-176	-3914	328
30700	896	-149	1152	-174	-3725	332
30804	704	-131	1152	-163	-3711	333
30900	704	-119	1024	-146	-3858	329
31000	256	-112	640	-135	-3978	326
31104	384	-110	704	-129	-4078	327
31200	0	-98	448	-110	-3892	330
31304	320	-100	704	-115	-3813	322
31400	128	-84	320	-90	-4066	313
31500	64	-84	192	-89	-4043	312
31604	-256	-63	-128	-53	-4069	300
31700	-448	-40	-320	-21	-4071	281
31804	-576	8	-960	62	-3812	219
31900	-832	23	-1472	84	-3555	194
32000	-1216	47	-1792	120	-3346	142
32104	-1408	77	-2112	170	-3067	19
32200	-1984	82	-2880	182	-2271	-25
32304	-1920	84	-3136	186	-1517	-130
32400	-2240	80	-3392	181	-996	-160
32500	-2112	56	-3328	139	-211	-295
32604	-1920	40	-3392	120	1055	-328
32700	-2176	23	-3264	87	1528	-370
32804	-1856	-5	-2880	37	2046	-416
32900	-1408	-112	-2176	-134	3114	-491
33000	-896	-166	-1216	-223	4127	-491
33104	-64	-233	0	-317	4153	-454
33200	0	-249	192	-354	4126	-436
33304	256	-286	640	-414	4127	-400
33400	576	-318	1536	-456	3878	-357
33500	1216	-351	2112	-519	3628	-269
33604	1344	-362	2368	-532	3110	-231
33700	1600	-381	2880	-561	2576	-110
33804	1792	-382	3264	-561	1554	-70
33900	1792	-382	3520	-555	1054	-8
34000	2112	-376	3584	-552	535	30
34104	1792	-360	3392	-519	31	127
34200	1856	-345	3456	-493	-733	160
34304	1984	-319	3584	-454	-1509	225
34400	1984	-308	3328	-443	-1770	229
34500	1728	-282	3136	-396	-2037	271
34604	1280	-265	2688	-359	-2534	283
34700	1344	-237	2560	-321	-3043	310
34804	1088	-222	2304	-301	-3299	317
34900	832	-190	1984	-254	-3553	330
35000	960	-180	1600	-238	-3553	333
35104	704	-158	1408	-196	-3820	341
35200	640	-141	1088	-177	-3824	331
35304	384	-118	960	-129	-4089	331
35400	64	-112	640	-132	-4067	324
35500	128	-115	704	-133	-4083	326
35604	192	-112	704	-122	-4080	328
35700	128	-114	640	-128	-4078	321
35804	0	-108	448	-117	-4061	321
35900	64	-102	448	-108	-4080	315
36000	128	-102	384	-107	-3949	316
36104	-64	-100	512	-103	-4068	320
36200	128	-99	448	-93	-4075	317
36304	192	-100	320	-97	-4055	311
36400	-256	-99	128	-98	-4079	317
36500	-192	-98	128	-98	-4070	310
36604	0	-102	192	-98	-4075	315
36700	-256	-100	64	-99	-4068	316
36804	-64	-104	384	-97	-3928	325
36900	192	-113	192	-101	-3793	309
37000	192	-116	384	-104	-4069	316
37104	0	-112	64	-91	-4061	314
37200	-128	-111	256	-90	-4351	308
37304	-256	-90	256	-47	-4067	292
37400	-320	-43	-576	59	-4075	221
37500	-576	-34	-1472	83	-3571	191
37604	-1024	-9	-2048	145	-3556	107
37700	-1152	3	-2560	168	-2796	50
37804	-1536	7	-3200	185	-2275	-8
37900	-1344	12	-3136	189	-2031	-49
38000	-1344	13	-3328	194	-1295	-132
38104	-1536	9	-3648	187	-972	-181
38200	-1792	-5	-3840	152	298	-274
38304	-1600	-15	-3584	133	857	-312
38400	-1792	-35	-3584	74	1318	-383
38500	-1344	-52	-3072	42	2100	-409
38604	-1152	-82	-2816	-33	2598	-448
38700	-1152	-101	-2304	-72	3120	-474
38804	-896	-133	-1984	-155	3868	-495
38900	-768	-145	-1664	-188	3876	-489
39000	-448	-182	-1216	-275	4119	-491
39104	-192	-202	-320	-325	4157	-471
39200	64	-230	64	-391	4379	-443
39304	64	-243	704	-426	4143	-423
39400	256	-296	1472	-536	3886	-314
39500	960	-312	2816	-578	3117	-241
39604	1152	-326	3264	-608	2599	-148
39700	1472	-332	3840	-609	1837	-92
39804	1408	-333	3648	-613	1322	-5
39900	1408	-329	4032	-607	557	22
40000	1472	-319	4032	-581	33	107
40104	1472	-309	3968	-562	-487	143
40200	1344	-289	3840	-509	-1244	206
40304	1280	-284	3456	-486	-1760	235
40400	1088	-256	3328	-431	-2290	276
40500	1216	-241	2944	-387	-2781	301
40604	960	-191	2112	-271	-3311	331
40700	576	-184	1600	-253	-3554	331
40804	704	-172	1664	-231	-3803	337
40900	256	-161	1280	-207	-4069	333
41000	384	-136	1024	-162	-4064	329
41104	128	-125	576	-129	-3853	325
41200	192	-127	640	-129	-4050	321
41304	192	-132	576	-130	-3942	321
41400	0	-133	448	-128	-4005	319
41500	64	-135	384	-124	-4060	317
41604	192	-142	320	-114	-3857	314
41700	192	-144	448	-114	-3924	309
41804	0	-149	256	-110	-4175	314
41900	0	-144	-192	-86	-4072	298
42000	-64	-144	-128	-76	-4057	294
42104	-448	-136	256	-34	-4806	276
42200	-192	-132	-768	3	-4053	253
42304	-128	-114	-1344	81	-3799	191
42400	-704	-109	-2176	118	-3437	131
42500	-576	-91	-3392	174	-1997	-16
42604	-768	-90	-3712	181	-1754	-21
42700	-576	-88	-3392	185	-1803	-67
42804	-640	-88	-3712	185	-1254	-130
42900	-640	-91	-3840	156	-272	-245
43000	-576	-101	-3776	115	545	-320
43104	-768	-118	-3712	38	1830	-403
43200	-768	-117	-3456	14	2346	-419
43304	-704	-125	-3264	-42	2593	-447
43400	-576	-131	-2752	-81	3103	-464
43500	-384	-149	-2112	-156	3352	-482
43604	-512	-153	-1856	-191	3878	-491
43700	-64	-172	-1152	-275	4145	-489
43804	-64	-179	-576	-321	4182	-480
43900	64	-200	0	-425	4158	-444
44000	64	-206	704	-465	4147	-424
44104	192	-224	1472	-526	4140	-371
44200	0	-228	1856	-559	3878	-341
44304	0	-244	2432	-610	3644	-273
44400	448	-246	3008	-629	3114	-243
44500	448	-248	3264	-649	2837	-201
44604	256	-252	3520	-647	2324	-162
44700	576	-255	3648	-670	2069	-76
44804	704	-254	4224	-667	1061	-11
44900	640	-248	4288	-624	43	116
45000	512	-244	4096	-605	-725	156
45104	704	-237	3968	-546	-1238	214
45200	320	-230	3776	-522	-1749	244
45304	384	-218	3584	-458	-2527	286
45400	256	-212	2944	-425	-2771	301
45500	256	-195	2496	-346	-3283	326
45604	320	-190	1984	-308	-3551	331
45700	320	-182	1600	-275	-3548	334
45804	64	-172	1408	-219	-3800	341
45900	64	-168	1280	-206	-4069	329
46000	64	-169	960	-200	-4072	330
46104	64	-164	1024	-179	-3851	326
46200	128	-163	768	-169	-3991	323
46304	128	-169	704	-165	-4067	324
46400	0	-170	384	-157	-3873	319
46500	-256	-169	192	-151	-3849	319
46604	128	-168	384	-147	-4065	315
46700	0	-169	128	-137	-4052	313
46804	-128	-168	128	-116	-4077	306
46900	-64	-171	128	-117	-3933	305
47000	-256	-171	-192	-113	-3940	301
47104	0	-174	0	-95	-4157	310
47200	0	-170	-64	-105	-4061	298
47304	-64	-173	-128	-101	-3877	298
47400	128	-175	-192	-83	-4089	287
47500	192	-178	-256	-78	-4043	279
47604	0	-177	-576	-51	-4044	272
47700	-192	-173	-896	-14	-4075	244
47804	-256	-180	-1856	59	-3297	178
47900	0	-176	-2048	60	-3561	175
48000	-192	-179	-2048	84	-3526	140
48104	192	-177	-2432	112	-3028	95
48200	0	-183	-3200	138	-2524	35
48304	192	-176	-3264	148	-2248	10
48400	192	-174	-3520	159	-1759	-60
48500	192	-176	-3584	159	-1485	-84
48604	-192	-175	-4032	153	-939	-158
48700	-64	-172	-4032	142	57	-229
48804	0	-171	-4160	111	796	-283
48900	128	-173	-4032	99	572	-299
49000	128	-169	-3584	11	1626	-398
49104	-256	-169	-3392	-41	2603	-428
49200	-64	-167	-3008	-86	3109	-455
49304	-64	-168	-2688	-107	3114	-467
49400	-192	-163	-2368	-170	3379	-482
49500	-256	-162	-1856	-214	3627	-488
49604	128	-163	-1088	-315	3891	-477
49700	-64	-168	-128	-391	4168	-465
49804	-64	-163	896	-508	4141	-415
49900	-448	-163	1536	-546	3895	-388
50000	-128	-164	2112	-641	3678	-286
50104	-128	-167	3200	-675	3124	-215
50200	-192	-171	3392	-671	2582	-157
50304	-256	-171	3840	-697	1837	-74
50400	-192	-173	3904	-703	1572	-37
50500	-64	-171	4288	-698	813	2
50604	-192	-178	4160	-663	17	114
50700	-64	-173	4480	-642	-720	148
50804	-192	-177	4096	-585	-1481	220
50900	-192	-177	3776	-529	-2008	264
51000	-128	-181	3584	-503	-2514	280
51104	-256	-182	2880	-439	-2760	309
51200	-128	-186	2816	-395	-3292	321
51304	-192	-184	2112	-318	-3291	335
51400	64	-183	1792	-299	-3798	335
51500	-64	-181	1792	-261	-4053	334
51604	-128	-182	1088	-237	-3824	337
51700	-128	-183	960	-219	-3845	328
51804	-64	-184	704	-203	-3910	324
51900	192	-187	576	-189	-4068	321
52000	0	-190	768	-188	-4296	321
52104	-256	-195	192	-173	-4011	324
52200	-256	-197	64	-176	-3977	308
52304	-256	-206	128	-176	-3963	311
52400	0	-203	64	-171	-4061	306
52500	-64	-215	128	-126	-4037	294
52604	0	-212	-448	-102	-4049	280
52700	0	-221	-832	-58	-4044	252
52804	384	-224	-1152	-28	-3760	231
52900	320	-233	-1920	51	-3524	143
53000	448	-237	-2496	76	-3040	107
53104	512	-240	-2944	99	-2764	59
53200	320	-243	-3136	118	-2529	22
53304	640	-246	-3328	130	-2007	-62
53400	960	-244	-3776	126	-964	-112
53604	704	-244	-4032	116	-195	-180
53700	704	-235	-3968	95	66	-249
53804	704	-232	-4032	74	564	-281
53900	704	-220	-3648	25	1070	-354
54000	704	-217	-3520	-5	1847	-383
54104	256	-205	-3456	-58	2352	-423
54200	256	-201	-3264	-79	2866	-438
54304	320	-191	-2624	-158	3122	-464
54400	448	-182	-2048	-195	3382	-479
54500	128	-165	-1728	-290	3903	-488
54604	0	-154	-960	-347	4184	-482
54700	-128	-118	704	-549	4152	-398
54804	-512	-110	1792	-598	3871	-356
54900	-320	-106	2176	-629	3644	-321
55000	-640	-109	2688	-659	3382	-282
55104	-704	-101	3072	-692	2867	-215
55200	-768	-103	3200	-697	2630	-194
55304	-576	-100	3712	-717	2379	-122
55400	-960	-102	4032	-719	1591	-80
55500	-1024	-103	3904	-713	1079	10
55604	-832	-108	4288	-687	317	95
55700	-832	-114	4288	-668	-209	133
55804	-896	-123	4032	-615	-967	200
55900	-576	-131	4096	-600	-1474	222
56000	-768	-138	3584	-543	-1988	270
56104	-704	-143	3328	-510	-2512	292
56200	-448	-152	2944	-459	-2767	311
56304	-512	-159	2560	-418	-3273	317
56400	-384	-171	2112	-358	-3290	333
56500	-320	-173	1920	-336	-3796	334
56604	-256	-181	1536	-293	-4062	335
56700	-128	-184	1088	-285	-3638	334
56804	-64	-194	1152	-249	-3935	329
56900	-128	-196	704	-226	-3882	319
57000	-64	-207	448	-205	-3996	315
57104	-64	-209	384	-203	-3998	316
57200	-192	-220	192	-190	-3931	313
57304	128	-222	128	-184	-3962	305
57400	0	-226	-128	-175	-3946	302
57500	64	-229	-128	-176	-4053	298
57604	192	-241	-192	-149	-4041	286
57700	256	-242	-640	-127	-4051	277
57804	448	-250	-576	-101	-4037	262
57900	448	-259	-832	-80	-4033	240
58000	384	-271	-1280	-35	-3797	200
58104	704	-280	-1728	-12	-3527	180
58200	768	-292	-2304	34	-3293	99
58304	832	-297	-2624	49	-2769	71
58400	1216	-306	-2944	67	-2519	6
58500	1216	-306	-3072	71	-1998	-20
58604	1088	-308	-3456	77	-1481	-70
58700	1024	-308	-3584	79	-1231	-100
58804	1280	-304	-3712	79	-980	-144
58900	1344	-302	-3648	72	-720	-169
59000	1472	-294	-3712	52	-189	-242
59104	1472	-287	-3712	26	821	-289
59200	1024	-267	-3776	-16	1337	-351
59304	1088	-257	-3328	-47	1846	-383
59400	1152	-238	-3200	-91	2362	-423
59500	832	-230	-2880	-113	2620	-436
59604	832	-207	-2688	-179	3124	-466
59700	640	-196	-2048	-211	3388	-468
59804	448	-169	-1728	-275	3887	-485
59900	448	-161	-1024	-314	3900	-490
60000	0	-131	-768	-386	3891	-482
60104	-256	-91	-192	-493	4427	-446
60200	-448	-82	768	-528	4142	-412
60304	-384	-61	1280	-571	3911	-381
60400	-768	-44	1664	-634	3671	-327
60500	-960	-26	2752	-696	3134	-205
60604	-1472	-22	3200	-709	2603	-175
60700	-1216	-21	3520	-720	2149	-101
60804	-1536	-22	3392	-720	1870	-55
60900	-1600	-27	3904	-716	1080	17
61000	-1472	-36	3904	-702	559	65
61104	-1536	-50	4096	-664	-465	155
61200	-1344	-67	4096	-624	-1229	199
61304	-1280	-88	3456	-569	-1732	257
61400	-1152	-101	3200	-528	-2244	285
61500	-960	-132	2752	-443	-3025	321
61604	-640	-149	2112	-405	-3283	332
61700	-640	-164	1856	-366	-3545	333
61804	-384	-164	1664	-358	-3798	333
61900	-320	-176	1664	-328	-3801	335
62000	-320	-180	1344	-317	-3804	332
62104	-448	-185	1088	-296	-3794	332
62200	-512	-187	1024	-288	-4068	327
62304	-320	-198	1280	-279	-3899	329
62400	-320	-196	1024	-278	-3979	323
62500	-64	-204	960	-273	-3961	327
62604	-192	-207	640	-261	-4054	325
62700	-192	-220	384	-230	-4059	317
62804	-192	-224	192	-224	-3902	311
62900	128	-232	128	-214	-3858	306
63000	192	-238	192	-205	-3924	302
63104	64	-250	-192	-184	-3992	290
63200	192	-257	-128	-186	-4029	292
63304	384	-268	-384	-171	-3938	280
63400	448	-276	-256	-169	-4036	273
63500	576	-298	-768	-122	-4026	234
63604	832	-314	-1344	-89	-3529	211
63700	896	-324	-1600	-73	-3538	179
63804	1216	-329	-1664	-63	-3264	162
63900	1408	-344	-1984	-39	-3053	123
64000	1344	-343	-2240	-34	-3025	113
64104	1280	-356	-2304	-18	-3020	74
64200	1408	-358	-2432	-11	-2781	66
64304	1536	-364	-2624	-2	-2520	34
64400	1600	-367	-2944	5	-1995	-1
64500	1664	-370	-2944	10	-1736	-80
64604	1984	-363	-3136	18	-986	-171
64700	1792	-356	-3328	-3	-467	-217
64804	2112	-334	-3520	-35	553	-300
64900	1984	-317	-3264	-59	1056	-339
65000	1856	-291	-3264	-101	1845	-387
65104	1600	-282	-2880	-120	2110	-405
65200	1280	-243	-2944	-182	2862	-449
65304	1280	-220	-2368	-220	2880	-461
65400	960	-167	-1536	-309	3645	-486
65500	576	-146	-1344	-338	3901	-490
65604	320	-101	-896	-408	4164	-480
65700	192	-79	0	-450	4186	-465
65804	-512	-18	448	-553	4200	-408
65900	-896	6	1152	-600	4166	-357
66000	-1280	42	1984	-662	3654	-273
66104	-1536	49	2496	-666	3139	-229
66200	-2048	64	2880	-705	2619	-124
66304	-2176	62	3392	-707	1596	-65
66400	-2112	52	3840	-695	834	43
66500	-2176	45	3648	-684	322	81
66604	-2112	27	3648	-647	-199	147
66700	-2240	11	3584	-634	-1221	189
66804	-2048	-16	3200	-590	-1758	240
66900	-1984	-30	3328	-571	-2257	251
67000	-1728	-53	3008	-539	-2519	279
67104	-1792	-57	2624	-529	-2526	282
67200	-1792	-66	2816	-521	-2759	293
67304	-1344	-74	2624	-503	-2758	299
67400	-1472	-85	2432	-482	-3029	312
67500	-1088	-91	2560	-469	-3286	315
67604	-1088	-121	2112	-429	-3281	329
67700	-832	-130	1856	-407	-3541	333
67804	-1024	-157	1344	-359	-3545	343
67900	-576	-161	1536	-359	-4058	336
68000	-384	-174	1152	-337	-3788	334
68104	-320	-181	960	-316	-3788	337
68200	-704	-184	960	-323	-4071	328
68304	-448	-181	832	-324	-3758	333
68400	-384	-173	1280	-342	-3911	331
68500	-384	-174	1216	-345	-3990	331
68604	-768	-180	896	-335	-3942	334
68700	-768	-175	896	-338	-3995	334
68804	-320	-183	1024	-334	-4060	331
68900	-320	-187	896	-332	-3935	330
69000	-512	-194	704	-323	-4053	329
69104	-448	-197	576	-323	-3911	329
69200	-512	-212	384	-309	-4032	334
69304	-256	-234	128	-286	-4048	322
69400	64	-240	128	-278	-4055	309
69500	192	-247	64	-272	-4039	307
69604	320	-271	-192	-233	-4040	291
69700	384	-288	-448	-231	-3787	276
69804	576	-315	-512	-203	-4029	257
69900	1216	-359	-832	-147	-3765	184
70000	1472	-378	-1408	-128	-3272	144
70104	1792	-412	-1920	-90	-2989	46
70200	2112	-421	-2496	-77	-1991	-7
70304	2368	-425	-2688	-61	-1492	-90
70400	2560	-422	-2752	-74	-960	-153
70500	2752	-393	-2688	-101	77	-263
70604	2560	-382	-3008	-106	1081	-298
70700	2304	-342	-2944	-150	1355	-363
70804	2496	-315	-2432	-170	2116	-393
70900	2176	-268	-2048	-220	2389	-441
71000	1792	-236	-2112	-250	3157	-462
71104	1408	-167	-1600	-308	3656	-483
71200	896	-133	-1216	-353	4183	-492
71304	448	-72	-512	-420	4201	-479
71400	192	-32	0	-461	4423	-465
71500	-576	33	512	-525	4162	-421
71604	-896	54	896	-551	4156	-399
71700	-1536	96	1152	-593	3916	-339
71804	-2048	121	1728	-622	3430	-290
71900	-2240	149	2240	-655	2870	-193
72000	-2368	151	2752	-663	2365	-159
72104	-2816	155	2624	-668	1886	-57
72200	-3072	152	3008	-671	1095	-13
72304	-2624	136	3136	-651	581	69
72400	-3072	127	2944	-647	-180	109
72500	-2816	90	3008	-614	-966	185
72604	-2752	72	2880	-598	-1481	210
72700	-2496	24	2624	-550	-1981	267
72804	-2304	-4	2432	-521	-2509	291
72900	-1600	-62	2112	-466	-3020	324
73000	-1344	-77	1856	-452	-3295	327
73104	-1536	-87	1728	-439	-3540	331
73200	-1408	-100	1792	-428	-3799	340
73304	-1280	-123	1536	-406	-3797	340
73400	-832	-133	1472	-393	-3824	337
73500	-896	-138	1280	-393	-3762	335
73604	-1024	-138	896	-377	-3707	340
73700	-832	-138	1152	-385	-3603	335
73804	-1024	-142	1024	-381	-3870	337
73900	-896	-145	896	-382	-3774	334
74000	-960	-143	960	-382	-3866	334
74104	-896	-148	896	-381	-3769	336
74200	-576	-145	896	-377	-4057	342
74304	-1024	-151	640	-372	-4093	337
74400	-704	-167	640	-366	-4009	334
74500	-320	-201	640	-346	-4033	324
74604	-192	-229	192	-328	-4064	311
74700	64	-233	128	-323	-4043	313
74804	192	-287	256	-284	-4264	282
74900	512	-332	-448	-253	-3746	244
75000	1344	-392	-832	-212	-3524	169
75104	1920	-404	-1152	-195	-3254	150
75200	2176	-436	-1408	-176	-2762	69
75304	2688	-449	-1728	-166	-2181	16
75400	2880	-457	-2176	-158	-1490	-55
75500	2816	-456	-2176	-158	-1229	-77
75604	3072	-454	-2240	-159	-977	-129
75700	3136	-449	-2048	-160	-723	-163
75804	3200	-434	-2240	-167	-180	-222
75900	3072	-423	-2368	-178	337	-256
76000	3136	-379	-2176	-202	1078	-339
76104	2816	-355	-2176	-221	1850	-357
76200	2624	-308	-1792	-246	2108	-413
76304	2304	-279	-1920	-269	2631	-434
76400	1984	-200	-1472	-316	3383	-474
76500	1664	-163	-1088	-343	3645	-481
76604	1088	-109	-896	-378	3892	-488
76700	960	-87	-512	-390	3907	-480
76804	0	0	-448	-441	4157	-466
76900	-128	38	192	-479	4165	-449
77000	-896	106	576	-524	4153	-400
77104	-1344	132	960	-534	3931	-375
77200	-1856	197	1472	-590	3688	-273
77304	-2816	212	1664	-602	3123	-228
77400	-2624	227	1984	-614	2628	-187
77500	-2880	237	2176	-619	2118	-138
77604	-3328	235	2304	-624	1344	-20
77700	-3584	228	2368	-617	839	23
77804	-3520	203	2560	-597	66	99
77900	-3520	187	2368	-599	-438	130
78000	-3200	150	2432	-576	-954	191
78104	-3264	128	2112	-563	-1480	212
78200	-2688	75	2304	-518	-2228	273
78304	-2496	49	1856	-512	-2504	288
78400	-2240	-3	1728	-481	-3020	313
78500	-1856	-22	1664	-468	-3276	319
78604	-1728	-55	1536	-442	-3528	331
78700	-1344	-66	1472	-438	-3542	333
78804	-1408	-99	1280	-415	-3792	337
78900	-1280	-111	832	-409	-3790	335
79000	-1024	-147	640	-383	-3820	334
79104	-1024	-159	704	-376	-3857	334
79200	-704	-163	640	-370	-3875	330
79304	-640	-174	640	-367	-4078	333
79400	-384	-181	768	-363	-3862	328
79500	-512	-187	384	-363	-3998	326
79604	-384	-192	320	-355	-3969	324
79700	-320	-197	320	-366	-3847	322
79804	-320	-201	384	-365	-3894	315
79900	-64	-204	384	-369	-3922	319
80000	-64	-206	320	-365	-4062	317
80104	-192	-221	128	-361	-4075	325
80200	0	-224	128	-353	-3840	315
80304	64	-233	256	-357	-4306	308
80400	128	-247	128	-352	-4038	303
80500	256	-291	-128	-334	-4045	277
80604	896	-296	0	-329	-4054	272
80700	768	-334	-64	-312	-4022	243
80804	1472	-384	-384	-294	-3470	192
80900	2432	-447	-896	-266	-2796	86
81000	2560	-452	-1152	-265	-2774	73
81104	2880	-473	-1088	-238	-2214	-45
81200	3328	-474	-1536	-249	-939	-96
81304	3648	-461	-1600	-242	-399	-185
81400	3328	-445	-1728	-260	346	-236
81500	3648	-401	-1536	-271	844	-318
81604	3264	-373	-1344	-280	1623	-342
81700	2880	-296	-1344	-309	2381	-419
81804	2304	-244	-1088	-332	2897	-451
81900	1600	-147	-960	-365	3640	-483
82000	1280	-116	-768	-380	3889	-488
82104	1216	-60	-448	-399	4163	-487
82200	320	-12	-320	-420	4184	-481
82304	-448	113	192	-469	4169	-431
82400	-1152	158	512	-492	3908	-401
82500	-2048	228	768	-520	3674	-330
82604	-2368	255	1152	-533	3391	-277
82700	-3072	290	1152	-554	2888	-198
82804	-3264	295	1408	-554	2379	-163
82900	-3584	307	1536	-562	1632	-75
83000	-3712	301	1664	-559	1088	-35
83104	-3648	286	1856	-557	572	51
83200	-3840	269	1600	-550	-182	90
83304	-3776	215	1664	-532	-978	191
83400	-3456	191	1792	-522	-1743	213
83500	-3328	131	1472	-502	-2244	262
83604	-2944	74	1472	-482	-2759	302
83700	-2560	44	1152	-468	-3015	315
83804	-2112	-11	1152	-446	-3281	334
83900	-1856	-41	1088	-434	-3542	332
84000	-1344	-90	960	-416	-3803	333
84104	-1280	-105	576	-399	-3804	333
84200	-960	-136	768	-399	-4047	333
84304	-832	-145	704	-393	-4044	332
84400	-448	-165	384	-387	-4064	330
84500	-768	-169	384	-387	-4081	327
84604	-512	-168	192	-389	-3912	326
84700	-384	-163	384	-393	-4011	329
84804	-512	-168	256	-398	-4143	323
84900	-320	-170	448	-401	-3920	324
85000	-320	-170	320	-405	-4058	322
85104	-64	-172	384	-398	-4051	322
85200	-192	-238	128	-393	-4027	295
85304	384	-259	256	-387	-4057	289
85400	640	-266	192	-385	-4054	285
85500	704	-292	192	-385	-4031	268
85604	1088	-356	-192	-369	-3781	225
85700	1920	-374	-64	-355	-3528	205
85804	2240	-420	-128	-353	-3250	138
85900	2560	-442	-384	-348	-2746	86
86000	3264	-468	-448	-342	-2001	3
86104	3328	-475	-576	-337	-1751	-23
86200	3392	-474	-512	-342	-1468	-95
86304	3776	-472	-704	-339	-652	-147
86400	3776	-408	-704	-349	617	-292
86500	3776	-381	-640	-350	1342	-331
86604	3456	-333	-704	-357	2105	-384
86700	3200	-312	-576	-358	2345	-397
86804	3008	-242	-256	-370	2631	-444
86900	2432	-196	-448	-380	3392	-465
87000	1920	-106	-448	-393	3648	-484
87104	1280	-63	-256	-401	3898	-488
87200	832	-12	-192	-412	4145	-480
87304	384	23	-128	-417	4161	-479
87400	0	103	0	-430	4153	-464
87500	-576	139	128	-440	4165	-440
87604	-1536	221	128	-453	3900	-380
87700	-2048	257	512	-466	3656	-345
87804	-2816	313	320	-461	3423	-270
87900	-3264	337	768	-483	2889	-211
88000	-3392	355	896	-483	2078	-121
88104	-3968	355	960	-487	1339	-31
88200	-3968	340	1024	-486	586	38
88304	-4032	298	960	-479	-171	128
88400	-4032	268	832	-479	-968	175
88500	-3776	216	832	-470	-1471	232
88604	-3456	182	1024	-466	-2257	260
88700	-3264	129	1024	-456	-2766	290
88804	-2816	102	768	-449	-3018	304
88900	-2560	39	704	-442	-3277	326
89000	-2240	15	640	-438	-3538	330
89104	-1920	-19	576	-435	-3536	334
89200	-1792	-42	512	-422	-3794	336
89304	-1536	-70	320	-426	-3786	337
89400	-1088	-83	768	-423	-4057	339
89500	-1216	-89	512	-420	-4088	336
89604	-1152	-90	384	-422	-4020	337
89700	-1152	-89	320	-420	-3624	335
89804	-1152	-86	384	-423	-4019	332
89900	-832	-88	384	-424	-3909	337
90000	-896	-87	512	-424	-4086	334
90104	-1280	-85	192	-424	-4083	335
90200	-832	-86	384	-425	-4071	335
90304	-960	-97	192	-415	-4046	333
90400	-640	-115	256	-427	-4040	330
90500	-192	-163	128	-427	-4047	315
90604	-256	-175	64	-428	-4034	315
90700	64	-229	256	-427	-4264	294
90804	576	-273	256	-431	-4008	268
90900	1536	-349	256	-425	-3777	204
91000	1856	-363	64	-427	-3272	186
91104	2112	-402	192	-415	-3250	138
91200	2880	-428	256	-414	-2757	87
91304	2944	-446	192	-426	-2279	34
91400	3200	-452	64	-423	-1998	10
91500	3584	-455	-192	-426	-1458	-68
91604	4032	-453	256	-411	-954	-125
91700	4032	-435	192	-420	-188	-196
91804	3840	-423	-192	-417	395	-235
91900	3584	-349	0	-421	1118	-350
92000	3328	-302	-64	-411	2342	-393
92104	2816	-244	-64	-413	2626	-430
92200	2560	-205	-192	-399	3166	-450
92304	1984	-73	256	-407	3675	-479
92400	1024	-17	-192	-406	4153	-493
92500	704	50	64	-404	4150	-481
92604	64	166	-192	-399	4204	-445
92700	-1280	253	-128	-404	4207	-383
92804	-2368	353	128	-407	3642	-260
92900	-3136	374	128	-406	2637	-218
93000	-3840	397	256	-407	2128	-99
93104	-3968	395	192	-398	1351	-46
93200	-4032	382	256	-413	602	31
93304	-4288	366	192	-411	66	80
93400	-4032	325	192	-416	-457	147
93500	-4032	298	192	-416	-1214	180
93604	-3840	235	128	-419	-1726	244
93700	-3456	197	256	-418	-2494	266
93804	-3008	129	128	-421	-2763	311
93900	-2624	105	320	-420	-3012	310
94000	-2304	36	256	-421	-3527	332
94104	-2048	10	64	-422	-3531	342
94200	-1536	-56	128	-425	-3791	338
94304	-1216	-83	256	-425	-4048	335
94400	-1024	-134	64	-423	-4054	322
94500	-448	-160	128	-424	-4049	322
94604	-256	-180	192	-425	-4046	312
94700	64	-199	128	-417	-4033	308
94804	256	-241	192	-426	-4052	285
94900	640	-242	128	-429	-4049	286
95000	704	-274	384	-425	-4042	267
95104	1088	-286	128	-425	-3835	263
95200	960	-265	448	-423	-4069	273
95304	832	-242	256	-424	-4087	286
95400	320	-209	64	-424	-4063	304
95500	320	-219	128	-422	-4052	300
95604	576	-254	128	-425	-4054	281
95700	896	-262	256	-420	-4078	278
95804	576	-237	64	-421	-3825	301
95900	320	-230	128	-424	-4069	295
96000	320	-227	128	-428	-4050	294
96104	512	-240	128	-421	-4064	301
96200	576	-246	256	-425	-4082	287
96304	640	-241	192	-423	-4078	289
96400	640	-230	192	-423	-4066	295
96500	576	-232	192	-421	-4062	290
96604	512	-239	128	-411	-4065	294
96700	576	-238	192	-412	-4068	294
96804	640	-237	192	-423	-4063	289
96900	576	-235	192	-423	-4062	292
97000	576	-234	192	-422	-4066	292
97104	640	-239	128	-411	-4068	293
97200	512	-236	128	-422	-4069	295
97304	576	-238	128	-412	-4067	296
97400	576	-235	192	-423	-4069	290
97500	576	-237	192	-421	-4069	290
97604	576	-241	128	-416	-4066	299
97700	576	-236	128	-422	-4079	292
97804	576	-236	256	-411	-4065	289
97900	512	-240	128	-422	-4071	291
98000	576	-235	192	-423	-4066	294
98104	640	-239	128	-422	-4053	292
98200	576	-236	192	-420	-4075	299
98304	576	-236	192	-418	-4076	300
98400	576	-237	256	-423	-4065	293
98500	640	-234	192	-422	-4074	289
98604	640	-237	192	-411	-4063	297
98700	640	-234	192	-422	-4065	289
98804	576	-236	192	-424	-4073	292
98900	640	-237	128	-421	-4072	293
99000	576	-235	192	-424	-4061	291
99104	576	-237	192	-415	-4065	301
99200	640	-237	192	-421	-4065	301
99304	512	-235	192	-420	-4065	290
